X,Y
130.0,20.0
130.0,21.25
130.0,22.5
130.0,23.75
130.0,25.0
130.0,26.25
130.0,27.5
130.0,28.75
130.0,30.0
130.0,31.25
130.0,32.5
130.0,33.75
130.0,35.0
130.0,36.25
130.0,37.5
130.0,38.75
130.0,40.0
130.0,41.25
130.0,42.5
130.0,43.75
130.0,45.0
130.0,46.25
130.0,47.5
130.0,48.75
130.0,50.0
130.0,51.25
130.0,52.5
130.0,53.75
130.0,55.0
130.0,56.25
130.0,57.5
130.0,58.75
130.0,60.0
130.0,61.25
130.0,62.5
130.0,63.75
130.0,65.0
130.0,66.25
130.0,67.5
130.0,68.75
130.0,70.0
130.0,71.25
130.0,72.5
130.0,73.75
130.0,75.0
130.0,76.25
130.0,77.5
130.0,78.75
130.0,80.0
130.0,81.25
130.0,82.5
130.0,83.75
130.0,85.0
130.0,86.25
130.0,87.5
130.0,88.75
130.0,90.0
130.0,91.25
130.0,92.5
130.0,93.75
130.0,95.0
130.0,96.25
130.0,97.5
130.0,98.75
130.0,100.0
130.0,101.25
130.0,102.5
130.0,103.75
130.0,105.0
130.0,106.25
130.0,107.5
130.0,108.75
130.0,110.0
130.0,111.25
130.0,112.5
130.0,113.75
130.0,115.0
130.0,116.25
130.0,117.5
130.0,118.75
130.0,120.0
130.0,121.25
130.0,122.5
130.0,123.75
130.0,125.0
130.0,126.25
130.0,127.5
130.0,128.75
130.0,130.0
130.0,131.25
130.0,132.5
130.0,133.75
130.0,135.0
130.0,136.25
130.0,137.5
130.0,138.75
130.0,140.0
130.0,141.25
130.0,142.5
130.0,143.75
130.0,145.0
130.0,146.25
130.0,147.5
130.0,148.75
130.0,150.0
130.0,151.25
130.0,152.5
130.0,153.75
130.0,155.0
130.0,156.25
130.0,157.5
130.0,158.75
130.0,160.0
130.0,161.25
130.0,162.5
130.0,163.75
130.0,165.0
130.0,166.25
130.0,167.5
130.0,168.75
130.0,170.0
130.0,171.25
130.0,172.5
130.0,173.75
130.0,175.0
130.0,176.25
130.0,177.5
130.0,178.75
130.0,180.0