X,Y
50.0,100.0
50.0,100.0
51.25,98.75
52.5,97.5
53.75,96.25
55.0,95.0
56.25,93.75
57.5,92.5
58.75,91.25
60.0,90.0
61.25,88.75
62.5,87.5
63.75,86.25
65.0,85.0
66.25,83.75
67.5,83.75
68.75,83.75
70.0,83.75
71.25,83.75
72.5,83.75
73.75,83.75
75.0,83.75
76.25,83.75
77.5,83.75
78.75,83.75
80.0,83.75
81.25,83.75
82.5,83.75
83.75,83.75
85.0,83.75
86.25,83.75
87.5,83.75
88.75,83.75
90.0,83.75
91.25,83.75
92.5,83.75
93.75,83.75
95.0,83.75
96.25,83.75
97.5,83.75
98.75,83.75
100.0,83.75
101.25,83.75
102.5,83.75
103.75,83.75
105.0,83.75
106.25,83.75
107.5,83.75
108.75,83.75
110.0,83.75
111.25,83.75
112.5,83.75
113.75,83.75
115.0,83.75
116.25,83.75
117.5,83.75
118.75,83.75
120.0,83.75
121.25,83.75
122.5,83.75
123.75,83.75
125.0,83.75
126.25,83.75
127.5,83.75
128.75,83.75
130.0,83.75
131.25,83.75
132.5,83.75
133.75,83.75
135.0,83.75
136.25,83.75
137.5,83.75
138.75,83.75
140.0,83.75
141.25,83.75
142.5,83.75
143.75,83.75
145.0,83.75
146.25,83.75
147.5,83.75
148.75,83.75
150.0,83.75
151.25,83.75
152.5,83.75
153.75,83.75
155.0,83.75
156.25,83.75
157.5,83.75
158.75,83.75
160.0,83.75
161.25,83.75
162.5,83.75
163.75,83.75
165.0,83.75
166.25,83.75
167.5,83.75
168.75,83.75
170.0,83.75
171.25,83.75
172.5,83.75
173.75,83.75
175.0,83.75
176.25,83.75
177.5,83.75
178.75,83.75
180.0,83.75
181.25,83.75
182.5,83.75
183.75,83.75
185.0,83.75
186.25,83.75
187.5,83.75
188.75,83.75
190.0,83.75
191.25,83.75
192.5,83.75
193.75,83.75
195.0,83.75
196.25,83.75
197.5,83.75
198.75,83.75
200.0,83.75
201.25,83.75
202.5,83.75
203.75,83.75
205.0,83.75
206.25,83.75
207.5,83.75
208.75,83.75
210.0,83.75
211.25,83.75
212.5,83.75
213.75,83.75
215.0,83.75
216.25,83.75
217.5,83.75
218.75,83.75
220.0,83.75
221.25,83.75
222.5,83.75
223.75,83.75
225.0,83.75
226.25,83.75
227.5,83.75
228.75,83.75
230.0,83.75
231.25,83.75
232.5,83.75
233.75,83.75
235.0,83.75
236.25,83.75
237.5,83.75
238.75,83.75
240.0,83.75
241.25,83.75
242.5,83.75
243.75,83.75
245.0,83.75
246.25,83.75
247.5,83.75
248.75,83.75
250.0,83.75
251.25,83.75
252.5,83.75
253.75,83.75
255.0,83.75
256.25,83.75
257.5,83.75
258.75,83.75
260.0,83.75
261.25,83.75
262.5,83.75
263.75,83.75
265.0,83.75
266.25,83.75
267.5,83.75
268.75,83.75
270.0,83.75
271.25,83.75
272.5,83.75
273.75,83.75
275.0,83.75
276.25,83.75
277.5,83.75
278.75,83.75
280.0,83.75
281.25,83.75
282.5,83.75
283.75,83.75
285.0,83.75
286.25,83.75
287.5,83.75
288.75,83.75
290.0,83.75
291.25,83.75
292.5,83.75
293.75,83.75
295.0,85.0
296.25,86.25
297.5,87.5
298.75,88.75
300.0,90.0
301.25,91.25
302.5,92.5
303.75,93.75
305.0,95.0
306.25,96.25
307.5,97.5
308.75,98.75
