X,Y
50.0,100.0
51.25,100.0
53.75,101.25
56.25,102.5
58.75,103.75
61.25,105.0
62.5,105.0
63.75,105.0
65.0,105.0
66.25,105.0
67.5,105.0
70.0,106.25
71.25,106.25
72.5,106.25
75.0,107.5
77.5,108.75
80.0,110.0
82.5,111.25
83.75,112.5
86.25,113.75
88.75,115.0
91.25,116.25
92.5,116.25
95.0,117.5
96.25,117.5
97.5,117.5
98.75,117.5
101.25,118.75
103.75,120.0
105.0,120.0
107.5,121.25
108.75,121.25
110.0,121.25
111.25,121.25
112.5,121.25
113.75,121.25
115.0,121.25
116.25,121.25
117.5,121.25
118.75,121.25
120.0,121.25
121.25,121.25
122.5,121.25
123.75,121.25
125.0,121.25
126.25,121.25
127.5,121.25
128.75,121.25
130.0,121.25
131.25,121.25
132.5,121.25
133.75,121.25
135.0,121.25
136.25,121.25
137.5,121.25
138.75,121.25
140.0,121.25
141.25,121.25
142.5,121.25
143.75,121.25
145.0,121.25
146.25,121.25
147.5,121.25
148.75,121.25
150.0,121.25
151.25,121.25
152.5,121.25
153.75,121.25
155.0,121.25
156.25,121.25
157.5,121.25
158.75,121.25
160.0,121.25
161.25,121.25
162.5,121.25
163.75,121.25
165.0,121.25
166.25,121.25
168.75,120.0
170.0,120.0
171.25,120.0
172.5,120.0
173.75,120.0
175.0,120.0
176.25,120.0
177.5,120.0
178.75,120.0
180.0,120.0
181.25,120.0
182.5,120.0
183.75,120.0
185.0,120.0
186.25,120.0
187.5,120.0
188.75,120.0
190.0,120.0
192.5,118.75
195.0,117.5
197.5,116.25
200.0,115.0
202.5,113.75
203.75,113.75
206.25,112.5
207.5,112.5
210.0,111.25
212.5,110.0
215.0,108.75
217.5,107.5
220.0,106.25
221.25,105.0
222.5,103.75
225.0,102.5
227.5,101.25
230,100